A = [ 0, -1, 1; 1, -1, 3; 0, 1, 1 ];
I = [ -2, 1, -1; -1/2, 0, 1/2; 1/2, 0, 1/2 ];

I * [ 1, 1, 1 ]'